% replace 0 0 with the correct values
*vertices 57
34.14 26.9
35.28 23.54
37.45 18.41
39.25 14.54
38.43 14.08
39.41 15.16
72.59 21.41
43.09 12.4
43.28 12.41
43.16 13.18
45 10.26
46.55 10.55
49.11 11.17
51.17 11.5
51.1 10.3
39.2 -7.5
35.09 28.04
45.01 12.47
48.15 13.59
52.13 15.38
54.01 12.39
54.26 17.02
58.45 20.27
48.15 30.21
55.35 25.32
66.26 25.25
67.43 23.53
75.47 23.1
75.22 19.28
76.08 18.19
76.05 10.5
76.12 10.09
98.48 9.47
72.04 20
72.47 19.2
72.45 19.28
72.56 18.32
73.03 17.59
73.1 17.35
73.11 17.18
73.21 16.34
73.22 16.22
73.29 16
74.5 12.55
75.45 10.46
0 0
76.59 8.23
77.33 8.05
78.04 8.37
78.41 10.49
79.51 11.08
79.49 11.44
80.13 11.03
80.56 7.52
89.51 22.28
72.58 21.16
108.57 34.21
